Coefficients: [9183.90047426]
Intercept: 26883.32182687198
